891
11111111
11112222
11112233
11112234
11112323
11112324
11112332
11112334
11112342
11112343
11112344
11112345
11221122
11221133
11221134
11222211
11222233
11222234
11223311
11223322
11223333
11223344
11223345
11223411
11223422
11223434
11223435
11223443
11223445
11223453
11223454
11223455
11223456
11231123
11231124
11231132
11231134
11231142
11231143
11231144
11231145
11232311
11232344
11232345
11232411
11232434
11232435
11232443
11232445
11232453
11232454
11232455
11232456
11233211
11233244
11233245
11233411
11233424
11233425
11233442
11233445
11233452
11233454
11233455
11233456
11234211
11234234
11234235
11234243
11234245
11234253
11234254
11234255
11234256
11234311
11234324
11234325
11234342
11234345
11234352
11234354
11234355
11234356
11234411
11234423
11234425
11234432
11234435
11234444
11234452
11234453
11234455
11234456
11234511
11234523
11234524
11234525
11234526
11234532
11234534
11234535
11234536
11234542
11234543
11234545
11234546
11234552
11234553
11234554
11234556
11234562
11234563
11234564
11234565
11234566
11234567
12121212
12121313
12121314
12122121
12122323
12122324
12123131
12123141
12123232
12123242
12123333
12123344
12123345
12123434
12123435
12123443
12123445
12123453
12123454
12123455
12123456
12131213
12131214
12131312
12131314
12131412
12131413
12131414
12131415
12132131
12132141
12132344
12132345
12132434
12132435
12132443
12132445
12132453
12132454
12132455
12132456
12133121
12133141
12133244
12133245
12133424
12133425
12133442
12133445
12133452
12133454
12133455
12133456
12134121
12134131
12134141
12134151
12134234
12134235
12134243
12134245
12134253
12134254
12134255
12134256
12134324
12134325
12134342
12134345
12134352
12134354
12134355
12134356
12134423
12134425
12134432
12134435
12134444
12134452
12134453
12134455
12134456
12134523
12134524
12134525
12134526
12134532
12134534
12134535
12134536
12134542
12134543
12134545
12134546
12134552
12134553
12134554
12134556
12134562
12134563
12134564
12134565
12134566
12134567
12211221
12211331
12211341
12213223
12213224
12213333
12213344
12213345
12213434
12213435
12213443
12213445
12213453
12213454
12213455
12213456
12231223
12231224
12231344
12231345
12231434
12231435
12231443
12231445
12231453
12231454
12231455
12231456
12233144
12233145
12233221
12233224
12233414
12233415
12233441
12233445
12233451
12233454
12233455
12233456
12234134
12234135
12234143
12234145
12234153
12234154
12234155
12234156
12234221
12234223
12234224
12234225
12234314
12234315
12234341
12234345
12234351
12234354
12234355
12234356
12234413
12234415
12234431
12234435
12234444
12234451
12234453
12234455
12234456
12234513
12234514
12234515
12234516
12234531
12234534
12234535
12234536
12234541
12234543
12234545
12234546
12234551
12234553
12234554
12234556
12234561
12234563
12234564
12234565
12234566
12234567
12311231
12311241
12311321
12311341
12311421
12311431
12311441
12311451
12312344
12312345
12312434
12312435
12312443
12312445
12312453
12312454
12312455
12312456
12313244
12313245
12313424
12313425
12313442
12313445
12313452
12313454
12313455
12313456
12314234
12314235
12314243
12314245
12314253
12314254
12314255
12314256
12314324
12314325
12314342
12314345
12314352
12314354
12314355
12314356
12314423
12314425
12314432
12314435
12314444
12314452
12314453
12314455
12314456
12314523
12314524
12314525
12314526
12314532
12314534
12314535
12314536
12314542
12314543
12314545
12314546
12314552
12314553
12314554
12314556
12314562
12314563
12314564
12314565
12314566
12314567
12321232
12321242
12321344
12321345
12321434
12321435
12321443
12321445
12321453
12321454
12321455
12321456
12322123
12322124
12322321
12322324
12322421
12322423
12322424
12322425
12323144
12323145
12323212
12323242
12323414
12323415
12323441
12323445
12323451
12323454
12323455
12323456
12324134
12324135
12324143
12324145
12324153
12324154
12324155
12324156
12324212
12324232
12324242
12324252
12324314
12324315
12324341
12324345
12324351
12324354
12324355
12324356
12324413
12324415
12324431
12324435
12324444
12324451
12324453
12324455
12324456
12324513
12324514
12324515
12324516
12324531
12324534
12324535
12324536
12324541
12324543
12324545
12324546
12324551
12324553
12324554
12324556
12324561
12324563
12324564
12324565
12324566
12324567
12331233
12331244
12331245
12331424
12331425
12331433
12331442
12331445
12331452
12331454
12331455
12331456
12332133
12332144
12332145
12332414
12332415
12332433
12332441
12332445
12332451
12332454
12332455
12332456
12333312
12333314
12333321
12333324
12333341
12333342
12333344
12333345
12334124
12334125
12334133
12334142
12334145
12334152
12334154
12334155
12334156
12334214
12334215
12334233
12334241
12334245
12334251
12334254
12334255
12334256
12334412
12334415
12334421
12334425
12334433
12334444
12334451
12334452
12334455
12334456
12334512
12334514
12334515
12334516
12334521
12334524
12334525
12334526
12334533
12334541
12334542
12334545
12334546
12334551
12334552
12334554
12334556
12334561
12334562
12334564
12334565
12334566
12334567
12341234
12341235
12341243
12341245
12341253
12341254
12341255
12341256
12341324
12341325
12341342
12341345
12341352
12341354
12341355
12341356
12341423
12341425
12341432
12341435
12341452
12341453
12341455
12341456
12341523
12341524
12341525
12341526
12341532
12341534
12341535
12341536
12341542
12341543
12341545
12341546
12341552
12341553
12341554
12341556
12341562
12341563
12341564
12341565
12341566
12341567
12342134
12342135
12342143
12342145
12342153
12342154
12342155
12342156
12342314
12342315
12342341
12342345
12342351
12342354
12342355
12342356
12342413
12342415
12342431
12342435
12342451
12342453
12342455
12342456
12342513
12342514
12342515
12342516
12342531
12342534
12342535
12342536
12342541
12342543
12342545
12342546
12342551
12342553
12342554
12342556
12342561
12342563
12342564
12342565
12342566
12342567
12343124
12343125
12343142
12343145
12343152
12343154
12343155
12343156
12343214
12343215
12343241
12343245
12343251
12343254
12343255
12343256
12343412
12343415
12343421
12343425
12343451
12343452
12343455
12343456
12343512
12343514
12343515
12343516
12343521
12343524
12343525
12343526
12343541
12343542
12343545
12343546
12343551
12343552
12343554
12343556
12343561
12343562
12343564
12343565
12343566
12343567
12344123
12344125
12344132
12344135
12344152
12344153
12344155
12344156
12344213
12344215
12344231
12344235
12344251
12344253
12344255
12344256
12344312
12344315
12344321
12344325
12344351
12344352
12344355
12344356
12344512
12344513
12344515
12344516
12344521
12344523
12344525
12344526
12344531
12344532
12344535
12344536
12344551
12344552
12344553
12344556
12344561
12344562
12344563
12344565
12344566
12344567
12345123
12345124
12345125
12345126
12345132
12345134
12345135
12345136
12345142
12345143
12345145
12345146
12345152
12345153
12345154
12345156
12345162
12345163
12345164
12345165
12345166
12345167
12345213
12345214
12345215
12345216
12345231
12345234
12345235
12345236
12345241
12345243
12345245
12345246
12345251
12345253
12345254
12345256
12345261
12345263
12345264
12345265
12345266
12345267
12345312
12345314
12345315
12345316
12345321
12345324
12345325
12345326
12345341
12345342
12345345
12345346
12345351
12345352
12345354
12345356
12345361
12345362
12345364
12345365
12345366
12345367
12345412
12345413
12345415
12345416
12345421
12345423
12345425
12345426
12345431
12345432
12345435
12345436
12345451
12345452
12345453
12345456
12345461
12345462
12345463
12345465
12345466
12345467
12345512
12345513
12345514
12345516
12345521
12345523
12345524
12345526
12345531
12345532
12345534
12345536
12345541
12345542
12345543
12345546
12345555
12345561
12345562
12345563
12345564
12345566
12345567
12345612
12345613
12345614
12345615
12345616
12345617
12345621
12345623
12345624
12345625
12345626
12345627
12345631
12345632
12345634
12345635
12345636
12345637
12345641
12345642
12345643
12345645
12345646
12345647
12345651
12345652
12345653
12345654
12345656
12345657
12345661
12345662
12345663
12345664
12345665
12345667
12345671
12345672
12345673
12345674
12345675
12345676
12345677
12345678
